Before sort: [59987][74049][76349][34009][62244][11109][43398][56144][98166][90209][41244][80625][44743][77232][71066][72487][83054][9036][27704][40690][2928]
Pair size: 2 Group size: 1
Pairs created: 10
[38;5;118;1mstart_of_left_group: 59987 start_of_right_group: 74049
[0m[38;5;226;1mend_of_left_group: 59987 end_of_right_group: 74049
[0mm_list: [59987][74049][76349][34009][62244][11109][43398][56144][98166][90209][41244][80625][44743][77232][71066][72487][83054][9036][27704][40690][2928]
[38;5;118;1mstart_of_left_group: 76349 start_of_right_group: 34009
[0m[38;5;226;1mend_of_left_group: 76349 end_of_right_group: 34009
[0m[38;5;117;1mCopy of left group: [76349]

[0mm_list: [59987][74049][34009][76349][62244][11109][43398][56144][98166][90209][41244][80625][44743][77232][71066][72487][83054][9036][27704][40690][2928]
[38;5;118;1mstart_of_left_group: 62244 start_of_right_group: 11109
[0m[38;5;226;1mend_of_left_group: 62244 end_of_right_group: 11109
[0m[38;5;117;1mCopy of left group: [62244]

[0mm_list: [59987][74049][34009][76349][11109][62244][43398][56144][98166][90209][41244][80625][44743][77232][71066][72487][83054][9036][27704][40690][2928]
[38;5;118;1mstart_of_left_group: 43398 start_of_right_group: 56144
[0m[38;5;226;1mend_of_left_group: 43398 end_of_right_group: 56144
[0mm_list: [59987][74049][34009][76349][11109][62244][43398][56144][98166][90209][41244][80625][44743][77232][71066][72487][83054][9036][27704][40690][2928]
[38;5;118;1mstart_of_left_group: 98166 start_of_right_group: 90209
[0m[38;5;226;1mend_of_left_group: 98166 end_of_right_group: 90209
[0m[38;5;117;1mCopy of left group: [98166]

[0mm_list: [59987][74049][34009][76349][11109][62244][43398][56144][90209][98166][41244][80625][44743][77232][71066][72487][83054][9036][27704][40690][2928]
[38;5;118;1mstart_of_left_group: 41244 start_of_right_group: 80625
[0m[38;5;226;1mend_of_left_group: 41244 end_of_right_group: 80625
[0mm_list: [59987][74049][34009][76349][11109][62244][43398][56144][90209][98166][41244][80625][44743][77232][71066][72487][83054][9036][27704][40690][2928]
[38;5;118;1mstart_of_left_group: 44743 start_of_right_group: 77232
[0m[38;5;226;1mend_of_left_group: 44743 end_of_right_group: 77232
[0mm_list: [59987][74049][34009][76349][11109][62244][43398][56144][90209][98166][41244][80625][44743][77232][71066][72487][83054][9036][27704][40690][2928]
[38;5;118;1mstart_of_left_group: 71066 start_of_right_group: 72487
[0m[38;5;226;1mend_of_left_group: 71066 end_of_right_group: 72487
[0mm_list: [59987][74049][34009][76349][11109][62244][43398][56144][90209][98166][41244][80625][44743][77232][71066][72487][83054][9036][27704][40690][2928]
[38;5;118;1mstart_of_left_group: 83054 start_of_right_group: 9036
[0m[38;5;226;1mend_of_left_group: 83054 end_of_right_group: 9036
[0m[38;5;117;1mCopy of left group: [83054]

[0mm_list: [59987][74049][34009][76349][11109][62244][43398][56144][90209][98166][41244][80625][44743][77232][71066][72487][9036][83054][27704][40690][2928]
[38;5;118;1mstart_of_left_group: 27704 start_of_right_group: 40690
[0m[38;5;226;1mend_of_left_group: 27704 end_of_right_group: 40690
[0mm_list: [59987][74049][34009][76349][11109][62244][43398][56144][90209][98166][41244][80625][44743][77232][71066][72487][9036][83054][27704][40690][2928]
Pair size: 4 Group size: 2
Pairs created: 5
[38;5;118;1mstart_of_left_group: 59987 start_of_right_group: 34009
[0m[38;5;226;1mend_of_left_group: 74049 end_of_right_group: 76349
[0mm_list: [59987][74049][34009][76349][11109][62244][43398][56144][90209][98166][41244][80625][44743][77232][71066][72487][9036][83054][27704][40690][2928]
[38;5;118;1mstart_of_left_group: 11109 start_of_right_group: 43398
[0m[38;5;226;1mend_of_left_group: 62244 end_of_right_group: 56144
[0m[38;5;117;1mCopy of left group: [11109][62244]

[0mm_list: [59987][74049][34009][76349][43398][56144][11109][62244][90209][98166][41244][80625][44743][77232][71066][72487][9036][83054][27704][40690][2928]
[38;5;118;1mstart_of_left_group: 90209 start_of_right_group: 41244
[0m[38;5;226;1mend_of_left_group: 98166 end_of_right_group: 80625
[0m[38;5;117;1mCopy of left group: [90209][98166]

[0mm_list: [59987][74049][34009][76349][43398][56144][11109][62244][41244][80625][90209][98166][44743][77232][71066][72487][9036][83054][27704][40690][2928]
[38;5;118;1mstart_of_left_group: 44743 start_of_right_group: 71066
[0m[38;5;226;1mend_of_left_group: 77232 end_of_right_group: 72487
[0m[38;5;117;1mCopy of left group: [44743][77232]

[0mm_list: [59987][74049][34009][76349][43398][56144][11109][62244][41244][80625][90209][98166][71066][72487][44743][77232][9036][83054][27704][40690][2928]
[38;5;118;1mstart_of_left_group: 9036 start_of_right_group: 27704
[0m[38;5;226;1mend_of_left_group: 83054 end_of_right_group: 40690
[0m[38;5;117;1mCopy of left group: [9036][83054]

[0mm_list: [59987][74049][34009][76349][43398][56144][11109][62244][41244][80625][90209][98166][71066][72487][44743][77232][27704][40690][9036][83054][2928]
Pair size: 8 Group size: 4
Pairs created: 2
[38;5;118;1mstart_of_left_group: 59987 start_of_right_group: 43398
[0m[38;5;226;1mend_of_left_group: 76349 end_of_right_group: 62244
[0m[38;5;117;1mCopy of left group: [59987][74049][34009][76349]

[0mm_list: [43398][56144][11109][62244][59987][74049][34009][76349][41244][80625][90209][98166][71066][72487][44743][77232][27704][40690][9036][83054][2928]
[38;5;118;1mstart_of_left_group: 41244 start_of_right_group: 71066
[0m[38;5;226;1mend_of_left_group: 98166 end_of_right_group: 77232
[0m[38;5;117;1mCopy of left group: [41244][80625][90209][98166]

[0mm_list: [43398][56144][11109][62244][59987][74049][34009][76349][71066][72487][44743][77232][41244][80625][90209][98166][27704][40690][9036][83054][2928]
Pair size: 16 Group size: 8
Pairs created: 1
[38;5;118;1mstart_of_left_group: 43398 start_of_right_group: 71066
[0m[38;5;226;1mend_of_left_group: 76349 end_of_right_group: 98166
[0mm_list: [43398][56144][11109][62244][59987][74049][34009][76349][71066][72487][44743][77232][41244][80625][90209][98166][27704][40690][9036][83054][2928]
Level: 4 Not enough to make next level! Needed: 32 Provided: 21 Stopping...
: 4 Not enough to make next level! Needed: 32 Provided: 21 Stopping...
hi
